45
990
0 1 52
0 2 90
0 3 38
0 4 71
0 5 17
0 6 25
0 7 54
0 8 86
0 9 49
0 10 87
0 11 96
0 12 23
0 13 79
0 14 73
0 15 39
0 16 52
0 17 71
0 18 1
0 19 39
0 20 37
0 21 27
0 22 56
0 23 75
0 24 78
0 25 84
0 26 42
0 27 60
0 28 57
0 29 57
0 30 87
0 31 28
0 32 66
0 33 61
0 34 95
0 35 22
0 36 85
0 37 11
0 38 37
0 39 66
0 40 85
0 41 82
0 42 80
0 43 43
0 44 12
1 2 97
1 3 31
1 4 87
1 5 40
1 6 29
1 7 26
1 8 19
1 9 4
1 10 6
1 11 32
1 12 61
1 13 79
1 14 99
1 15 10
1 16 59
1 17 54
1 18 81
1 19 74
1 20 25
1 21 92
1 22 90
1 23 50
1 24 64
1 25 52
1 26 32
1 27 19
1 28 84
1 29 89
1 30 1
1 31 97
1 32 99
1 33 14
1 34 100
1 35 55
1 36 29
1 37 23
1 38 90
1 39 67
1 40 60
1 41 7
1 42 72
1 43 32
1 44 16
2 3 59
2 4 18
2 5 60
2 6 86
2 7 68
2 8 72
2 9 77
2 10 41
2 11 97
2 12 57
2 13 79
2 14 93
2 15 65
2 16 55
2 17 71
2 18 58
2 19 21
2 20 96
2 21 61
2 22 58
2 23 34
2 24 97
2 25 32
2 26 82
2 27 36
2 28 99
2 29 100
2 30 67
2 31 63
2 32 81
2 33 31
2 34 36
2 35 57
2 36 10
2 37 92
2 38 37
2 39 31
2 40 35
2 41 43
2 42 41
2 43 70
2 44 11
3 4 18
3 5 20
3 6 30
3 7 50
3 8 89
3 9 20
3 10 91
3 11 28
3 12 9
3 13 54
3 14 53
3 15 43
3 16 70
3 17 60
3 18 54
3 19 8
3 20 27
3 21 54
3 22 50
3 23 99
3 24 75
3 25 90
3 26 3
3 27 98
3 28 74
3 29 49
3 30 62
3 31 1
3 32 46
3 33 39
3 34 97
3 35 50
3 36 54
3 37 69
3 38 96
3 39 95
3 40 70
3 41 78
3 42 29
3 43 63
3 44 29
4 5 35
4 6 56
4 7 63
4 8 4
4 9 50
4 10 44
4 11 86
4 12 87
4 13 52
4 14 93
4 15 22
4 16 60
4 17 17
4 18 80
4 19 69
4 20 4
4 21 51
4 22 76
4 23 73
4 24 85
4 25 4
4 26 11
4 27 83
4 28 55
4 29 18
4 30 60
4 31 24
4 32 7
4 33 34
4 34 49
4 35 42
4 36 28
4 37 59
4 38 42
4 39 44
4 40 98
4 41 49
4 42 36
4 43 97
4 44 54
5 6 33
5 7 11
5 8 61
5 9 3
5 10 96
5 11 70
5 12 7
5 13 45
5 14 29
5 15 84
5 16 9
5 17 100
5 18 84
5 19 6
5 20 97
5 21 4
5 22 32
5 23 26
5 24 3
5 25 80
5 26 20
5 27 31
5 28 17
5 29 61
5 30 86
5 31 15
5 32 73
5 33 28
5 34 60
5 35 90
5 36 33
5 37 99
5 38 48
5 39 22
5 40 78
5 41 78
5 42 96
5 43 92
5 44 15
6 7 100
6 8 21
6 9 40
6 10 14
6 11 75
6 12 4
6 13 40
6 14 74
6 15 87
6 16 49
6 17 51
6 18 92
6 19 26
6 20 10
6 21 76
6 22 89
6 23 81
6 24 32
6 25 14
6 26 90
6 27 99
6 28 39
6 29 88
6 30 77
6 31 16
6 32 73
6 33 6
6 34 45
6 35 69
6 36 55
6 37 85
6 38 48
6 39 9
6 40 65
6 41 83
6 42 44
6 43 2
6 44 54
7 8 63
7 9 14
7 10 56
7 11 47
7 12 82
7 13 59
7 14 91
7 15 20
7 16 56
7 17 23
7 18 94
7 19 67
7 20 84
7 21 35
7 22 79
7 23 69
7 24 100
7 25 62
7 26 60
7 27 56
7 28 94
7 29 76
7 30 35
7 31 42
7 32 32
7 33 12
7 34 36
7 35 58
7 36 32
7 37 97
7 38 60
7 39 73
7 40 79
7 41 86
7 42 49
7 43 44
7 44 4
8 9 64
8 10 42
8 11 24
8 12 63
8 13 28
8 14 46
8 15 34
8 16 44
8 17 36
8 18 77
8 19 90
8 20 36
8 21 72
8 22 2
8 23 67
8 24 25
8 25 11
8 26 31
8 27 93
8 28 53
8 29 63
8 30 72
8 31 98
8 32 31
8 33 89
8 34 61
8 35 83
8 36 92
8 37 63
8 38 58
8 39 3
8 40 12
8 41 38
8 42 29
8 43 52
8 44 89
9 10 32
9 11 40
9 12 85
9 13 75
9 14 48
9 15 61
9 16 71
9 17 68
9 18 45
9 19 55
9 20 96
9 21 71
9 22 43
9 23 46
9 24 90
9 25 59
9 26 35
9 27 40
9 28 33
9 29 30
9 30 16
9 31 93
9 32 25
9 33 41
9 34 16
9 35 96
9 36 69
9 37 98
9 38 89
9 39 24
9 40 25
9 41 28
9 42 95
9 43 62
9 44 36
10 11 93
10 12 76
10 13 98
10 14 68
10 15 77
10 16 37
10 17 13
10 18 25
10 19 38
10 20 30
10 21 47
10 22 23
10 23 39
10 24 2
10 25 91
10 26 69
10 27 17
10 28 36
10 29 6
10 30 7
10 31 71
10 32 38
10 33 90
10 34 17
10 35 82
10 36 97
10 37 63
10 38 14
10 39 2
10 40 74
10 41 37
10 42 61
10 43 62
10 44 57
11 12 44
11 13 24
11 14 7
11 15 33
11 16 62
11 17 15
11 18 9
11 19 52
11 20 63
11 21 10
11 22 74
11 23 81
11 24 88
11 25 7
11 26 20
11 27 20
11 28 73
11 29 39
11 30 11
11 31 32
11 32 16
11 33 72
11 34 98
11 35 54
11 36 78
11 37 77
11 38 80
11 39 29
11 40 100
11 41 67
11 42 49
11 43 58
11 44 57
12 13 39
12 14 76
12 15 55
12 16 40
12 17 73
12 18 80
12 19 8
12 20 79
12 21 95
12 22 13
12 23 98
12 24 27
12 25 81
12 26 28
12 27 34
12 28 85
12 29 11
12 30 21
12 31 31
12 32 23
12 33 71
12 34 10
12 35 21
12 36 1
12 37 53
12 38 58
12 39 89
12 40 77
12 41 61
12 42 38
12 43 5
12 44 30
13 14 37
13 15 91
13 16 37
13 17 90
13 18 59
13 19 10
13 20 88
13 21 30
13 22 34
13 23 81
13 24 76
13 25 85
13 26 26
13 27 55
13 28 15
13 29 70
13 30 29
13 31 83
13 32 20
13 33 35
13 34 19
13 35 10
13 36 8
13 37 22
13 38 40
13 39 77
13 40 96
13 41 73
13 42 37
13 43 57
13 44 16
14 15 60
14 16 89
14 17 39
14 18 90
14 19 52
14 20 35
14 21 65
14 22 70
14 23 64
14 24 57
14 25 11
14 26 77
14 27 6
14 28 56
14 29 95
14 30 42
14 31 78
14 32 33
14 33 4
14 34 12
14 35 30
14 36 87
14 37 74
14 38 76
14 39 3
14 40 98
14 41 87
14 42 35
14 43 74
14 44 6
15 16 98
15 17 97
15 18 23
15 19 61
15 20 67
15 21 84
15 22 57
15 23 36
15 24 24
15 25 75
15 26 56
15 27 82
15 28 63
15 29 12
15 30 61
15 31 45
15 32 53
15 33 43
15 34 42
15 35 86
15 36 14
15 37 21
15 38 43
15 39 53
15 40 89
15 41 64
15 42 37
15 43 85
15 44 52
16 17 98
16 18 71
16 19 5
16 20 59
16 21 12
16 22 41
16 23 33
16 24 42
16 25 15
16 26 99
16 27 52
16 28 66
16 29 1
16 30 85
16 31 70
16 32 60
16 33 53
16 34 7
16 35 25
16 36 67
16 37 47
16 38 80
16 39 97
16 40 64
16 41 81
16 42 57
16 43 98
16 44 7
17 18 27
17 19 35
17 20 71
17 21 17
17 22 37
17 23 57
17 24 90
17 25 63
17 26 16
17 27 4
17 28 81
17 29 78
17 30 31
17 31 91
17 32 21
17 33 40
17 34 71
17 35 2
17 36 71
17 37 53
17 38 12
17 39 29
17 40 15
17 41 60
17 42 16
17 43 83
17 44 20
18 19 64
18 20 92
18 21 38
18 22 66
18 23 91
18 24 35
18 25 54
18 26 62
18 27 61
18 28 32
18 29 59
18 30 71
18 31 19
18 32 50
18 33 25
18 34 77
18 35 66
18 36 96
18 37 18
18 38 9
18 39 36
18 40 99
18 41 54
18 42 44
18 43 65
18 44 35
19 20 1
19 21 37
19 22 93
19 23 39
19 24 76
19 25 75
19 26 85
19 27 63
19 28 20
19 29 58
19 30 69
19 31 62
19 32 45
19 33 43
19 34 71
19 35 98
19 36 70
19 37 49
19 38 59
19 39 42
19 40 25
19 41 90
19 42 31
19 43 74
19 44 50
20 21 30
20 22 100
20 23 53
20 24 6
20 25 41
20 26 96
20 27 61
20 28 91
20 29 49
20 30 50
20 31 85
20 32 84
20 33 20
20 34 64
20 35 5
20 36 17
20 37 65
20 38 76
20 39 43
20 40 13
20 41 57
20 42 13
20 43 68
20 44 59
21 22 2
21 23 93
21 24 19
21 25 53
21 26 84
21 27 20
21 28 10
21 29 61
21 30 34
21 31 44
21 32 80
21 33 89
21 34 51
21 35 84
21 36 11
21 37 43
21 38 87
21 39 69
21 40 49
21 41 41
21 42 81
21 43 92
21 44 98
22 23 63
22 24 70
22 25 5
22 26 80
22 27 9
22 28 31
22 29 81
22 30 88
22 31 37
22 32 30
22 33 96
22 34 12
22 35 56
22 36 13
22 37 98
22 38 82
22 39 91
22 40 13
22 41 57
22 42 22
22 43 89
22 44 39
23 24 4
23 25 6
23 26 42
23 27 8
23 28 38
23 29 46
23 30 48
23 31 56
23 32 19
23 33 32
23 34 68
23 35 53
23 36 73
23 37 88
23 38 24
23 39 22
23 40 23
23 41 11
23 42 79
23 43 49
23 44 80
24 25 88
24 26 31
24 27 64
24 28 75
24 29 19
24 30 30
24 31 60
24 32 82
24 33 33
24 34 59
24 35 33
24 36 86
24 37 2
24 38 60
24 39 37
24 40 87
24 41 70
24 42 21
24 43 10
24 44 57
25 26 45
25 27 76
25 28 39
25 29 82
25 30 55
25 31 89
25 32 33
25 33 59
25 34 39
25 35 26
25 36 50
25 37 62
25 38 14
25 39 31
25 40 49
25 41 74
25 42 46
25 43 74
25 44 38
26 27 90
26 28 38
26 29 3
26 30 85
26 31 51
26 32 36
26 33 2
26 34 73
26 35 88
26 36 100
26 37 96
26 38 7
26 39 78
26 40 96
26 41 64
26 42 37
26 43 100
26 44 30
27 28 78
27 29 46
27 30 29
27 31 82
27 32 25
27 33 80
27 34 33
27 35 87
27 36 97
27 37 93
27 38 99
27 39 85
27 40 88
27 41 18
27 42 81
27 43 13
27 44 81
28 29 83
28 30 6
28 31 40
28 32 57
28 33 5
28 34 75
28 35 47
28 36 94
28 37 17
28 38 12
28 39 38
28 40 42
28 41 96
28 42 54
28 43 23
28 44 26
29 30 17
29 31 70
29 32 47
29 33 68
29 34 65
29 35 35
29 36 22
29 37 33
29 38 62
29 39 38
29 40 96
29 41 44
29 42 15
29 43 60
29 44 10
30 31 19
30 32 97
30 33 29
30 34 87
30 35 93
30 36 87
30 37 51
30 38 72
30 39 47
30 40 12
30 41 51
30 42 2
30 43 34
30 44 69
31 32 16
31 33 59
31 34 48
31 35 87
31 36 96
31 37 87
31 38 34
31 39 75
31 40 49
31 41 82
31 42 48
31 43 14
31 44 87
32 33 30
32 34 61
32 35 4
32 36 80
32 37 72
32 38 42
32 39 79
32 40 29
32 41 83
32 42 9
32 43 82
32 44 60
33 34 90
33 35 39
33 36 84
33 37 53
33 38 15
33 39 18
33 40 6
33 41 5
33 42 39
33 43 64
33 44 15
34 35 13
34 36 31
34 37 69
34 38 18
34 39 50
34 40 59
34 41 48
34 42 86
34 43 96
34 44 90
35 36 70
35 37 54
35 38 76
35 39 96
35 40 94
35 41 20
35 42 54
35 43 84
35 44 13
36 37 63
36 38 79
36 39 53
36 40 36
36 41 5
36 42 89
36 43 48
36 44 28
37 38 57
37 39 57
37 40 31
37 41 47
37 42 13
37 43 88
37 44 48
38 39 70
38 40 83
38 41 46
38 42 8
38 43 51
38 44 36
39 40 25
39 41 16
39 42 59
39 43 12
39 44 85
40 41 28
40 42 83
40 43 82
40 44 77
41 42 3
41 43 7
41 44 43
42 43 32
42 44 17
43 44 73
