45
200
0 1 4
0 3 18
0 4 87
0 5 97
0 7 4
0 14 10
0 24 50
0 27 67
0 29 93
0 33 77
0 33 86
1 2 32
1 8 28
1 14 85
1 21 76
2 4 43
2 16 91
2 17 1
2 19 47
2 22 27
2 22 49
2 24 61
3 5 15
3 9 65
3 14 5
3 15 31
3 20 7
3 23 46
3 25 22
3 29 87
3 40 30
3 41 70
4 5 12
4 6 55
4 6 69
4 7 89
4 13 73
4 17 99
4 20 2
4 24 49
4 27 86
4 31 98
4 32 31
4 33 6
4 38 9
5 17 90
5 32 24
5 36 11
5 39 54
5 40 55
6 7 96
6 8 34
6 14 29
6 20 98
6 22 100
6 38 56
6 41 8
6 42 56
7 15 76
7 16 23
7 23 40
7 36 32
7 42 93
7 43 88
8 11 26
8 15 96
8 16 1
8 19 20
8 21 82
8 22 9
8 25 6
8 25 86
8 32 64
8 34 17
9 10 4
9 15 21
9 23 98
9 27 17
9 29 34
9 31 25
9 34 5
9 35 35
9 40 21
10 15 53
10 15 60
10 16 68
10 16 95
10 21 14
10 28 70
10 33 8
10 34 94
10 34 100
10 44 14
11 12 84
11 13 70
11 21 53
11 24 78
11 26 4
11 27 36
11 32 14
12 14 59
12 15 25
12 25 43
12 28 11
12 32 91
12 42 47
13 18 8
13 18 44
13 20 84
13 21 88
13 32 34
13 34 17
13 41 86
13 42 92
14 15 9
14 34 99
14 35 76
14 36 13
15 20 34
15 23 37
15 29 10
15 42 35
15 43 52
15 43 86
16 29 37
16 31 7
16 32 98
16 35 2
16 37 5
16 40 65
17 22 83
17 24 82
17 27 16
17 29 38
17 34 99
17 42 63
17 42 90
18 27 21
18 35 11
18 38 27
19 22 30
19 25 86
19 31 47
19 32 40
19 35 85
19 39 84
19 40 82
19 41 59
20 22 56
20 25 35
20 31 3
20 33 34
20 43 99
21 25 14
21 34 4
21 39 41
21 41 15
22 27 53
23 25 29
23 26 59
23 37 71
23 39 21
23 40 46
23 41 57
24 36 25
24 37 36
25 31 83
25 32 87
26 30 25
26 30 81
26 35 80
26 42 42
27 35 2
27 37 75
27 38 28
27 43 77
27 44 94
28 33 16
28 34 18
28 35 13
28 35 91
29 38 68
29 38 82
29 39 73
30 31 28
30 36 32
30 37 65
30 42 71
32 38 15
32 38 26
34 35 34
34 37 8
34 43 93
34 44 26
35 42 92
35 44 29
37 38 6
37 42 73
38 44 82
41 43 10
